Epoch	Time(sec)	Loss_train	AUC_dev	AUC_test	Precision_test	Recall_test	Accuracy_test
1	19.782295399927534	855.468	0.7849808429118774	0.7894736842105264	0.6739130434782609	0.8157894736842105	0.7283950617283951
2	41.22411939990707	672.5338	0.8666666666666667	0.8554161566707466	0.7948717948717948	0.8157894736842105	0.8148148148148148
3	61.906239099917	582.099	0.8830651340996168	0.8733170134638923	0.7590361445783133	0.8289473684210527	0.7962962962962963
4	83.07916669989936	523.4093	0.8910344827586206	0.8829559363525091	0.6979166666666666	0.881578947368421	0.7654320987654321
5	104.65850469993893	473.44348	0.8936398467432951	0.8893818849449204	0.7070707070707071	0.9210526315789473	0.7839506172839507
6	126.6845786999911	434.63168	0.9016091954022989	0.8935128518971848	0.7764705882352941	0.868421052631579	0.8209876543209876
7	148.35468849993777	405.69034	0.9042145593869733	0.8951958384332926	0.7764705882352941	0.868421052631579	0.8209876543209876
8	170.69421489990782	376.14456	0.9077394636015326	0.8935128518971849	0.7682926829268293	0.8289473684210527	0.8024691358024691
9	194.72770779998973	350.01437	0.9100383141762453	0.8976438188494492	0.7216494845360825	0.9210526315789473	0.7962962962962963
10	220.47962929995265	309.95575	0.9111111111111111	0.899173806609547	0.8076923076923077	0.8289473684210527	0.8271604938271605
11	246.63919519993942	295.64194	0.9124904214559386	0.9031517747858018	0.8	0.8947368421052632	0.845679012345679
12	272.9536524999421	282.38916	0.913256704980843	0.8990208078335373	0.8072289156626506	0.881578947368421	0.845679012345679
13	299.81228099996224	274.3856	0.9141762452107279	0.9043757649938801	0.75	0.9078947368421053	0.8148148148148148
14	325.8147924999939	256.3757	0.9109578544061302	0.9055997552019585	0.7931034482758621	0.9078947368421053	0.845679012345679
15	350.4097213000059	248.96696	0.911264367816092	0.9037637698898409	0.7816091954022989	0.8947368421052632	0.8333333333333334
16	374.79194299993105	238.67348	0.9109578544061302	0.9016217870257037	0.7666666666666667	0.9078947368421053	0.8271604938271605
17	398.77493309997953	229.13426	0.910191570881226	0.8991738066095472	0.8072289156626506	0.881578947368421	0.845679012345679
18	425.8907089999411	217.67029	0.9097318007662835	0.9008567931456548	0.7340425531914894	0.9078947368421053	0.8024691358024691
19	453.3055645999266	208.90811	0.9094252873563218	0.9011627906976745	0.7640449438202247	0.8947368421052632	0.8209876543209876
20	480.6957023999421	193.07408	0.909272030651341	0.8996328029375765	0.7727272727272727	0.8947368421052632	0.8271604938271605
21	507.704953199951	188.6892	0.9086590038314176	0.8974908200734395	0.7790697674418605	0.881578947368421	0.8271604938271605
22	534.1493041999638	182.36412	0.9085057471264368	0.8970318237454101	0.7790697674418605	0.881578947368421	0.8271604938271605
23	560.8911231999518	179.05574	0.9074329501915709	0.89718482252142	0.7976190476190477	0.881578947368421	0.8395061728395061
24	587.4790970999748	174.47865	0.9060536398467434	0.8953488372093024	0.7901234567901234	0.8421052631578947	0.8209876543209876
25	613.877511599916	172.36307	0.9062068965517242	0.8981028151774786	0.7555555555555555	0.8947368421052632	0.8148148148148148
26	640.6704198999796	167.54585	0.90544061302682	0.8962668298653611	0.7926829268292683	0.8552631578947368	0.8271604938271605
27	667.6042594999308	163.87961	0.90544061302682	0.8988678090575275	0.7906976744186046	0.8947368421052632	0.8395061728395061
28	694.6622828999534	160.14478	0.9048275862068966	0.8984088127294981	0.7816091954022989	0.8947368421052632	0.8333333333333334
29	721.3238004999002	157.55383	0.9055938697318007	0.8965728274173806	0.7701149425287356	0.881578947368421	0.8209876543209876
30	747.7522726999596	148.71481	0.9046743295019157	0.8973378212974297	0.7790697674418605	0.881578947368421	0.8271604938271605
31	777.3535944999894	145.58945	0.9031417624521073	0.8944308445532436	0.8	0.8421052631578947	0.8271604938271605
32	803.5108044999652	146.3758	0.902528735632184	0.8965728274173806	0.7790697674418605	0.881578947368421	0.8271604938271605
33	829.9098919999087	141.59167	0.9020689655172414	0.8979498164014688	0.7790697674418605	0.881578947368421	0.8271604938271605
34	856.2087507999968	141.79665	0.9022222222222223	0.8962668298653611	0.7926829268292683	0.8552631578947368	0.8271604938271605
35	882.4677993999794	140.03577	0.9020689655172414	0.8976438188494492	0.788235294117647	0.881578947368421	0.8333333333333334
36	908.7364116999088	140.60925	0.9017624521072797	0.8976438188494492	0.7926829268292683	0.8552631578947368	0.8271604938271605
37	934.622595999972	136.21655	0.9013026819923372	0.89703182374541	0.7926829268292683	0.8552631578947368	0.8271604938271605
38	960.2815242999932	135.62955	0.8999233716475095	0.894889840881273	0.7926829268292683	0.8552631578947368	0.8271604938271605
39	986.5811736999312	135.12329	0.9000766283524905	0.8974908200734395	0.7926829268292683	0.8552631578947368	0.8271604938271605
40	1012.8536707999883	128.82964	0.9009961685823754	0.8988678090575276	0.7951807228915663	0.868421052631579	0.8333333333333334
41	1040.436644900008	127.46172	0.8999233716475096	0.8967258261933905	0.8024691358024691	0.8552631578947368	0.8333333333333334
42	1067.188494800008	127.30584	0.9009961685823755	0.8976438188494493	0.7926829268292683	0.8552631578947368	0.8271604938271605
43	1094.134380799951	126.251465	0.9006896551724138	0.8994798041615668	0.7764705882352941	0.868421052631579	0.8209876543209876
44	1120.88153829996	126.69272	0.9005363984674329	0.8979498164014688	0.7926829268292683	0.8552631578947368	0.8271604938271605
45	1147.9741524999263	124.93926	0.9006896551724138	0.8982558139534884	0.7926829268292683	0.8552631578947368	0.8271604938271605
46	1176.1290382998995	124.63333	0.9003831417624522	0.8979498164014689	0.8024691358024691	0.8552631578947368	0.8333333333333334
47	1204.1823459999869	123.865395	0.9005363984674329	0.8991738066095472	0.7951807228915663	0.868421052631579	0.8333333333333334
48	1230.8165722999256	122.39779	0.9002298850574713	0.8982558139534884	0.8024691358024691	0.8552631578947368	0.8333333333333334
49	1257.5624530999921	122.2822	0.8999233716475095	0.8977968176254592	0.8024691358024691	0.8552631578947368	0.8333333333333334
50	1285.5849378999555	118.581406	0.8993103448275862	0.8991738066095472	0.7951807228915663	0.868421052631579	0.8333333333333334
51	1312.2706859000027	118.98561	0.8999233716475095	0.8982558139534884	0.7926829268292683	0.8552631578947368	0.8271604938271605
52	1339.0328908999218	118.9274	0.8993103448275862	0.8991738066095472	0.7951807228915663	0.868421052631579	0.8333333333333334
53	1366.2657403999474	118.22501	0.899463601532567	0.8984088127294982	0.7926829268292683	0.8552631578947368	0.8271604938271605
54	1393.7224463999737	118.3504	0.8991570881226053	0.8982558139534884	0.7951807228915663	0.868421052631579	0.8333333333333334
55	1420.4012010999722	117.4603	0.8991570881226053	0.8977968176254589	0.7951807228915663	0.868421052631579	0.8333333333333334
56	1447.0946828000015	117.26813	0.899463601532567	0.8981028151774786	0.7951807228915663	0.868421052631579	0.8333333333333334
57	1474.3539685999276	116.48852	0.8991570881226054	0.8984088127294982	0.7951807228915663	0.868421052631579	0.8333333333333334
58	1503.2637248999672	116.35775	0.8993103448275861	0.8981028151774786	0.7951807228915663	0.868421052631579	0.8333333333333334
59	1530.0497097999323	115.92515	0.899463601532567	0.8985618115055081	0.7951807228915663	0.868421052631579	0.8333333333333334
60	1556.305076999939	114.85746	0.8993103448275861	0.8982558139534884	0.7951807228915663	0.868421052631579	0.8333333333333334
61	1583.0764130000025	114.585884	0.8993103448275861	0.8987148102815178	0.7951807228915663	0.868421052631579	0.8333333333333334
62	1610.6383754999842	114.285034	0.8990038314176245	0.8981028151774786	0.7926829268292683	0.8552631578947368	0.8271604938271605
63	1637.3467849999433	114.12995	0.8990038314176245	0.8982558139534884	0.7951807228915663	0.868421052631579	0.8333333333333334
64	1663.574739499949	114.00346	0.8988505747126436	0.8981028151774786	0.8024691358024691	0.8552631578947368	0.8333333333333334
65	1694.1543096000096	113.87486	0.8988505747126436	0.8981028151774787	0.7951807228915663	0.868421052631579	0.8333333333333334
66	1720.8385964999907	113.10922	0.8988505747126436	0.8976438188494492	0.8024691358024691	0.8552631578947368	0.8333333333333334
67	1747.5528194999788	113.7507	0.8990038314176245	0.8982558139534884	0.7951807228915663	0.868421052631579	0.8333333333333334
68	1774.1753406999633	113.401505	0.8990038314176245	0.897796817625459	0.7951807228915663	0.868421052631579	0.8333333333333334
69	1800.757516099955	113.008156	0.8991570881226054	0.8979498164014689	0.7951807228915663	0.868421052631579	0.8333333333333334
70	1827.752439099946	112.411446	0.8990038314176245	0.8981028151774786	0.7951807228915663	0.868421052631579	0.8333333333333334
71	1854.0313343999442	112.34238	0.8990038314176245	0.897796817625459	0.7951807228915663	0.868421052631579	0.8333333333333334
72	1880.0887907999568	112.22637	0.8988505747126436	0.8981028151774786	0.7951807228915663	0.868421052631579	0.8333333333333334
73	1906.8095208999002	112.15402	0.8990038314176245	0.8979498164014688	0.7951807228915663	0.868421052631579	0.8333333333333334
74	1933.4869146998972	112.03601	0.8988505747126436	0.8979498164014688	0.7951807228915663	0.868421052631579	0.8333333333333334
75	1960.3055482999189	111.99363	0.8986973180076627	0.897796817625459	0.7951807228915663	0.868421052631579	0.8333333333333334
76	1987.7948718999978	111.90565	0.8986973180076627	0.8981028151774786	0.7951807228915663	0.868421052631579	0.8333333333333334
77	2014.4113062999677	111.73519	0.8986973180076627	0.8976438188494492	0.7951807228915663	0.868421052631579	0.8333333333333334
78	2040.6386101999087	111.73932	0.8986973180076627	0.8976438188494492	0.7951807228915663	0.868421052631579	0.8333333333333334
79	2067.203116699937	111.4355	0.8990038314176245	0.8974908200734394	0.7951807228915663	0.868421052631579	0.8333333333333334
80	2095.4158345999895	111.2766	0.8986973180076627	0.8976438188494493	0.7951807228915663	0.868421052631579	0.8333333333333334
81	2122.3386903000064	111.20849	0.8986973180076627	0.8977968176254589	0.7951807228915663	0.868421052631579	0.8333333333333334
82	2148.605720599997	111.08304	0.8988505747126436	0.8977968176254589	0.7951807228915663	0.868421052631579	0.8333333333333334
83	2174.7896785999183	111.08825	0.8988505747126436	0.8979498164014688	0.7951807228915663	0.868421052631579	0.8333333333333334
84	2201.8842753999634	111.00011	0.8988505747126436	0.8979498164014688	0.7951807228915663	0.868421052631579	0.8333333333333334
85	2229.329365399899	110.94596	0.8988505747126436	0.8981028151774786	0.7951807228915663	0.868421052631579	0.8333333333333334
86	2256.0807679999853	110.95896	0.8988505747126436	0.8979498164014688	0.7951807228915663	0.868421052631579	0.8333333333333334
87	2282.592553799972	110.895676	0.8988505747126436	0.8979498164014688	0.7951807228915663	0.868421052631579	0.8333333333333334
88	2309.512498599943	110.84048	0.8988505747126436	0.8981028151774786	0.7951807228915663	0.868421052631579	0.8333333333333334
89	2337.2457462999737	110.79328	0.8988505747126436	0.8981028151774786	0.7951807228915663	0.868421052631579	0.8333333333333334
90	2365.593636299949	110.583374	0.8986973180076628	0.8981028151774786	0.7951807228915663	0.868421052631579	0.8333333333333334
91	2392.007309999899	110.55187	0.8988505747126436	0.8981028151774786	0.7951807228915663	0.868421052631579	0.8333333333333334
92	2418.7233484999742	110.523926	0.8986973180076628	0.8981028151774786	0.7951807228915663	0.868421052631579	0.8333333333333334
93	2446.4036899999483	110.50322	0.8986973180076628	0.8981028151774786	0.7951807228915663	0.868421052631579	0.8333333333333334
94	2473.080367299961	110.478226	0.8985440613026819	0.8981028151774786	0.7951807228915663	0.868421052631579	0.8333333333333334
95	2499.7064541999716	110.461624	0.8985440613026819	0.897796817625459	0.7951807228915663	0.868421052631579	0.8333333333333334
96	2527.5381093999604	110.42701	0.8985440613026819	0.897796817625459	0.7951807228915663	0.868421052631579	0.8333333333333334
97	2554.442197499913	110.401054	0.8985440613026819	0.897796817625459	0.7951807228915663	0.868421052631579	0.8333333333333334
98	2585.634250800009	110.39668	0.8985440613026819	0.897796817625459	0.7951807228915663	0.868421052631579	0.8333333333333334
99	2612.3280336000025	110.35727	0.8985440613026819	0.897796817625459	0.7951807228915663	0.868421052631579	0.8333333333333334
